$ 1 7.8125e-7 24.46919322642204 55 5 43
w 144 64 144 128 0
w 80 64 80 176 0
r 144 128 144 160 0 50
r 80 176 80 240 0 10
w 144 160 144 224 0
v 80 64 144 64 0 1 1000 5 0 0 0.5
r 144 224 144 288 0 1000
w 144 288 304 288 0
w 80 336 304 336 0
r 304 304 304 320 0 0.1
w 304 288 304 304 0
w 304 304 368 304 0
w 304 320 304 336 0
w 304 320 416 320 0
w 368 304 368 224 0
w 416 320 416 224 0
p 368 160 416 160 1 0 0
v 208 144 272 144 0 0 40 5 0 0 0.5
r 368 224 384 224 0 1000000
c 384 224 416 224 0 2.5e-11 0.00045726678557553996
370 80 240 80 336 1 0 0
w 368 160 368 224 0
w 416 160 416 224 0
o 16 64 0 4098 0.001220703125 0.1 0 1
o 20 64 0 4099 0.15625 0.0125 1 2 20 3
